version 1
nodes
  0 "static_prop" -1
end
skeleton
  time 0
    0 0.000000 0.000000 0.000000 0.000000 0.000000 0.000000
end
triangles
  phy
    0 2.000000 1.999997 #1.999995 -0.446517 -0.055815 0.893033 0 0
    0 2.000000 -1.999999 0.000000 0.446516 0.055815 0.893033 0 0
    0 2.000000 2.000000 0.000000 -0.888889 0.111111 0.444444 0 0
  phy
    0 2.000000 1.999997 #1.999995 -0.446517 -0.055815 0.893033 0 0
    0 2.000000 -2.000003 #1.999995 0.888889 -0.111111 0.444444 0 0
    0 2.000000 -1.999999 0.000000 0.446516 0.055815 0.893033 0 0
  phy
    0 2.000000 1.999997 #1.999995 -0.446517 -0.055815 0.893033 0 0
    0 2.000000 2.000000 0.000000 -0.888889 0.111111 0.444444 0 0
    0 -2.000000 1.999997 #1.999995 -0.704361 -0.088045 -0.704361 0 0
  phy
    0 -2.000000 1.999997 #1.999995 -0.704361 -0.088045 -0.704361 0 0
    0 2.000000 2.000000 0.000000 -0.888889 0.111111 0.444444 0 0
    0 -2.000000 2.000000 0.000000 -0.704361 0.088045 -0.704361 0 0
  phy
    0 -2.000000 2.000000 0.000000 -0.704361 0.088045 -0.704361 0 0
    0 2.000000 2.000000 0.000000 -0.888889 0.111111 0.444444 0 0
    0 -2.000000 -1.999999 0.000000 0.704361 0.088045 -0.704361 0 0
  phy
    0 -2.000000 -1.999999 0.000000 0.704361 0.088045 -0.704361 0 0
    0 2.000000 2.000000 0.000000 -0.888889 0.111111 0.444444 0 0
    0 2.000000 -1.999999 0.000000 0.446516 0.055815 0.893033 0 0
  phy
    0 -2.000000 1.999997 #1.999995 -0.704361 -0.088045 -0.704361 0 0
    0 2.000000 -2.000003 #1.999995 0.888889 -0.111111 0.444444 0 0
    0 2.000000 1.999997 #1.999995 -0.446517 -0.055815 0.893033 0 0
  phy
    0 -2.000000 1.999997 #1.999995 -0.704361 -0.088045 -0.704361 0 0
    0 -2.000000 -2.000003 #1.999995 0.704361 -0.088045 -0.704361 0 0
    0 2.000000 -2.000003 #1.999995 0.888889 -0.111111 0.444444 0 0
  phy
    0 -2.000000 -1.999999 0.000000 0.704361 0.088045 -0.704361 0 0
    0 2.000000 -2.000003 #1.999995 0.888889 -0.111111 0.444444 0 0
    0 -2.000000 -2.000003 #1.999995 0.704361 -0.088045 -0.704361 0 0
  phy
    0 -2.000000 -1.999999 0.000000 0.704361 0.088045 -0.704361 0 0
    0 2.000000 -1.999999 0.000000 0.446516 0.055815 0.893033 0 0
    0 2.000000 -2.000003 #1.999995 0.888889 -0.111111 0.444444 0 0
  phy
    0 -2.000000 -1.999999 0.000000 0.704361 0.088045 -0.704361 0 0
    0 -2.000000 -2.000003 #1.999995 0.704361 -0.088045 -0.704361 0 0
    0 -2.000000 1.999997 #1.999995 -0.704361 -0.088045 -0.704361 0 0
  phy
    0 -2.000000 -1.999999 0.000000 0.704361 0.088045 -0.704361 0 0
    0 -2.000000 1.999997 #1.999995 -0.704361 -0.088045 -0.704361 0 0
    0 -2.000000 2.000000 0.000000 -0.704361 0.088045 -0.704361 0 0
end
